    0.10000E-03    0.44445E+03
    0.10202E-03    0.45306E+03
    0.10408E-03    0.46184E+03
    0.10618E-03    0.47079E+03
    0.10833E-03    0.47991E+03
    0.11052E-03    0.48920E+03
    0.11275E-03    0.49868E+03
    0.11503E-03    0.50834E+03
    0.11735E-03    0.51819E+03
    0.11972E-03    0.52823E+03
    0.12214E-03    0.53846E+03
    0.12461E-03    0.54889E+03
    0.12712E-03    0.55952E+03
    0.12969E-03    0.57036E+03
    0.13231E-03    0.58141E+03
    0.13499E-03    0.59267E+03
    0.13771E-03    0.60415E+03
    0.14049E-03    0.61585E+03
    0.14333E-03    0.62778E+03
    0.14623E-03    0.63993E+03
    0.14918E-03    0.65232E+03
    0.15220E-03    0.66495E+03
    0.15527E-03    0.67783E+03
    0.15841E-03    0.69095E+03
    0.16161E-03    0.70433E+03
    0.16487E-03    0.71797E+03
    0.16820E-03    0.73186E+03
    0.17160E-03    0.74603E+03
    0.17507E-03    0.76047E+03
    0.17860E-03    0.77519E+03
    0.18221E-03    0.79019E+03
    0.18589E-03    0.80548E+03
    0.18965E-03    0.82107E+03
    0.19348E-03    0.83696E+03
    0.19739E-03    0.85315E+03
    0.20138E-03    0.86966E+03
    0.20544E-03    0.88648E+03
    0.20959E-03    0.90363E+03
    0.21383E-03    0.92110E+03
    0.21815E-03    0.93892E+03
    0.22255E-03    0.95708E+03
    0.22705E-03    0.97558E+03
    0.23164E-03    0.99445E+03
    0.23632E-03    0.10137E+04
    0.24109E-03    0.10333E+04
    0.24596E-03    0.10532E+04
    0.25093E-03    0.10736E+04
    0.25600E-03    0.10943E+04
    0.26117E-03    0.11155E+04
    0.26645E-03    0.11370E+04
    0.27183E-03    0.11590E+04
    0.27732E-03    0.11814E+04
    0.28292E-03    0.12042E+04
    0.28864E-03    0.12274E+04
    0.29447E-03    0.12511E+04
    0.30042E-03    0.12753E+04
    0.30649E-03    0.12999E+04
    0.31268E-03    0.13250E+04
    0.31899E-03    0.13505E+04
    0.32544E-03    0.13766E+04
    0.33201E-03    0.14031E+04
    0.33872E-03    0.14302E+04
    0.34556E-03    0.14577E+04
    0.35254E-03    0.14858E+04
    0.35966E-03    0.15145E+04
    0.36693E-03    0.15436E+04
    0.37434E-03    0.15734E+04
    0.38190E-03    0.16037E+04
    0.38962E-03    0.16345E+04
    0.39749E-03    0.16660E+04
    0.40552E-03    0.16980E+04
    0.41371E-03    0.17307E+04
    0.42207E-03    0.17640E+04
    0.43060E-03    0.17979E+04
    0.43929E-03    0.18324E+04
    0.44817E-03    0.18676E+04
    0.45722E-03    0.19035E+04
    0.46646E-03    0.19400E+04
    0.47588E-03    0.19772E+04
    0.48550E-03    0.20151E+04
    0.49530E-03    0.20538E+04
    0.50531E-03    0.20931E+04
    0.51552E-03    0.21332E+04
    0.52593E-03    0.21741E+04
    0.53656E-03    0.22157E+04
    0.54739E-03    0.22581E+04
    0.55845E-03    0.23013E+04
    0.56973E-03    0.23453E+04
    0.58124E-03    0.23901E+04
    0.59299E-03    0.24357E+04
    0.60496E-03    0.24822E+04
    0.61719E-03    0.25295E+04
    0.62965E-03    0.25778E+04
    0.64237E-03    0.26269E+04
    0.65535E-03    0.26769E+04
    0.66859E-03    0.27278E+04
    0.68210E-03    0.27797E+04
    0.69588E-03    0.28326E+04
    0.70993E-03    0.28864E+04
    0.72427E-03    0.29411E+04
    0.73891E-03    0.29969E+04
    0.75383E-03    0.30537E+04
    0.76906E-03    0.31116E+04
    0.78460E-03    0.31704E+04
    0.80045E-03    0.32304E+04
    0.81662E-03    0.32914E+04
    0.83311E-03    0.33536E+04
    0.84994E-03    0.34168E+04
    0.86711E-03    0.34812E+04
    0.88463E-03    0.35468E+04
    0.90250E-03    0.36135E+04
    0.92073E-03    0.36814E+04
    0.93933E-03    0.37505E+04
    0.95831E-03    0.38209E+04
    0.97767E-03    0.38925E+04
    0.99742E-03    0.39654E+04
    0.10176E-02    0.40395E+04
    0.10381E-02    0.41150E+04
    0.10591E-02    0.41917E+04
    0.10805E-02    0.42699E+04
    0.11023E-02    0.43493E+04
    0.11246E-02    0.44302E+04
    0.11473E-02    0.45124E+04
    0.11705E-02    0.45961E+04
    0.11941E-02    0.46812E+04
    0.12182E-02    0.47678E+04
    0.12429E-02    0.48558E+04
    0.12680E-02    0.49453E+04
    0.12936E-02    0.50364E+04
    0.13197E-02    0.51289E+04
    0.13464E-02    0.52230E+04
    0.13736E-02    0.53187E+04
    0.14013E-02    0.54160E+04
    0.14296E-02    0.55149E+04
    0.14585E-02    0.56155E+04
    0.14880E-02    0.57176E+04
    0.15180E-02    0.58215E+04
    0.15487E-02    0.59270E+04
    0.15800E-02    0.60343E+04
    0.16119E-02    0.61433E+04
    0.16445E-02    0.62540E+04
    0.16777E-02    0.63665E+04
    0.17116E-02    0.64808E+04
    0.17462E-02    0.65968E+04
    0.17814E-02    0.67147E+04
    0.18174E-02    0.68344E+04
    0.18541E-02    0.69559E+04
    0.18916E-02    0.70793E+04
    0.19298E-02    0.72045E+04
    0.19688E-02    0.73317E+04
    0.20086E-02    0.74607E+04
    0.20491E-02    0.75917E+04
    0.20905E-02    0.77246E+04
    0.21328E-02    0.78594E+04
    0.21758E-02    0.79962E+04
    0.22198E-02    0.81350E+04
    0.22646E-02    0.82757E+04
    0.23104E-02    0.84184E+04
    0.23571E-02    0.85632E+04
    0.24047E-02    0.87099E+04
    0.24533E-02    0.88586E+04
    0.25028E-02    0.90094E+04
    0.25534E-02    0.91622E+04
    0.26050E-02    0.93171E+04
    0.26576E-02    0.94739E+04
    0.27113E-02    0.96328E+04
    0.27660E-02    0.97938E+04
    0.28219E-02    0.99568E+04
    0.28789E-02    0.10122E+05
    0.29371E-02    0.10289E+05
    0.29964E-02    0.10458E+05
    0.30569E-02    0.10629E+05
    0.31187E-02    0.10802E+05
    0.31817E-02    0.10977E+05
    0.32460E-02    0.11154E+05
    0.33115E-02    0.11333E+05
    0.33784E-02    0.11514E+05
    0.34467E-02    0.11696E+05
    0.35163E-02    0.11881E+05
    0.35874E-02    0.12068E+05
    0.36598E-02    0.12256E+05
    0.37338E-02    0.12446E+05
    0.38092E-02    0.12638E+05
    0.38861E-02    0.12832E+05
    0.39646E-02    0.13028E+05
    0.40447E-02    0.13225E+05
    0.41264E-02    0.13424E+05
    0.42098E-02    0.13625E+05
    0.42948E-02    0.13828E+05
    0.43816E-02    0.14032E+05
    0.44701E-02    0.14237E+05
    0.45604E-02    0.14443E+05
    0.46525E-02    0.14651E+05
    0.47465E-02    0.14863E+05
    0.48424E-02    0.15078E+05
    0.49402E-02    0.15289E+05
    0.50400E-02    0.15487E+05
    0.51419E-02    0.15675E+05
    0.52457E-02    0.15869E+05
    0.53517E-02    0.16079E+05
    0.54598E-02    0.16299E+05
    0.55701E-02    0.16518E+05
    0.56826E-02    0.16735E+05
    0.57974E-02    0.16951E+05
    0.59145E-02    0.17168E+05
    0.60340E-02    0.17386E+05
    0.61559E-02    0.17605E+05
    0.62803E-02    0.17823E+05
    0.64072E-02    0.18042E+05
    0.65366E-02    0.18260E+05
    0.66686E-02    0.18478E+05
    0.68033E-02    0.18696E+05
    0.69408E-02    0.18914E+05
    0.70810E-02    0.19130E+05
    0.72240E-02    0.19346E+05
    0.73700E-02    0.19562E+05
    0.75189E-02    0.19776E+05
    0.76708E-02    0.19989E+05
    0.78257E-02    0.20200E+05
    0.79838E-02    0.20410E+05
    0.81451E-02    0.20618E+05
    0.83096E-02    0.20825E+05
    0.84775E-02    0.21029E+05
    0.86488E-02    0.21231E+05
    0.88235E-02    0.21431E+05
    0.90017E-02    0.21628E+05
    0.91836E-02    0.21823E+05
    0.93691E-02    0.22014E+05
    0.95583E-02    0.22202E+05
    0.97514E-02    0.22387E+05
    0.99484E-02    0.22568E+05
    0.10149E-01    0.22745E+05
    0.10354E-01    0.22918E+05
    0.10564E-01    0.23086E+05
    0.10777E-01    0.23250E+05
    0.10995E-01    0.23409E+05
    0.11217E-01    0.23563E+05
    0.11443E-01    0.23712E+05
    0.11675E-01    0.23855E+05
    0.11910E-01    0.23993E+05
    0.12151E-01    0.24124E+05
    0.12397E-01    0.24248E+05
    0.12647E-01    0.24367E+05
    0.12902E-01    0.24478E+05
    0.13163E-01    0.24582E+05
    0.13429E-01    0.24678E+05
    0.13700E-01    0.24767E+05
    0.13977E-01    0.24848E+05
    0.14259E-01    0.24920E+05
    0.14547E-01    0.24984E+05
    0.14841E-01    0.25039E+05
    0.15141E-01    0.25085E+05
    0.15447E-01    0.25122E+05
    0.15759E-01    0.25149E+05
    0.16077E-01    0.25166E+05
    0.16402E-01    0.25174E+05
    0.16734E-01    0.25170E+05
    0.17072E-01    0.25157E+05
    0.17416E-01    0.25132E+05
    0.17768E-01    0.25097E+05
    0.18127E-01    0.25050E+05
    0.18493E-01    0.24992E+05
    0.18867E-01    0.24923E+05
    0.19248E-01    0.24842E+05
    0.19637E-01    0.24749E+05
    0.20034E-01    0.24644E+05
    0.20438E-01    0.24528E+05
    0.20851E-01    0.24399E+05
    0.21272E-01    0.24259E+05
    0.21702E-01    0.24107E+05
    0.22141E-01    0.23942E+05
    0.22588E-01    0.23766E+05
    0.23044E-01    0.23579E+05
    0.23510E-01    0.23380E+05
    0.23985E-01    0.23169E+05
    0.24469E-01    0.22947E+05
    0.24964E-01    0.22715E+05
    0.25468E-01    0.22472E+05
    0.25982E-01    0.22218E+05
    0.26507E-01    0.21955E+05
    0.27043E-01    0.21683E+05
    0.27589E-01    0.21402E+05
    0.28146E-01    0.21112E+05
    0.28715E-01    0.20814E+05
    0.29295E-01    0.20508E+05
    0.29887E-01    0.20198E+05
    0.30490E-01    0.19885E+05
    0.31106E-01    0.19567E+05
    0.31735E-01    0.19233E+05
    0.32376E-01    0.18886E+05
    0.33030E-01    0.18559E+05
    0.33697E-01    0.18285E+05
    0.34378E-01    0.18043E+05
    0.35072E-01    0.17779E+05
    0.35781E-01    0.17463E+05
    0.36504E-01    0.17122E+05
    0.37241E-01    0.16787E+05
    0.37993E-01    0.16465E+05
    0.38761E-01    0.16148E+05
    0.39544E-01    0.15830E+05
    0.40343E-01    0.15520E+05
    0.41158E-01    0.15228E+05
    0.41989E-01    0.14941E+05
    0.42838E-01    0.14636E+05
    0.43703E-01    0.14307E+05
    0.44586E-01    0.13984E+05
    0.45486E-01    0.13701E+05
    0.46405E-01    0.13456E+05
    0.47343E-01    0.13230E+05
    0.48299E-01    0.13008E+05
    0.49275E-01    0.12788E+05
    0.50270E-01    0.12575E+05
    0.51286E-01    0.12373E+05
    0.52322E-01    0.12195E+05
    0.53379E-01    0.12043E+05
    0.54457E-01    0.11899E+05
    0.55557E-01    0.11746E+05
    0.56680E-01    0.11583E+05
    0.57825E-01    0.11425E+05
    0.58993E-01    0.11277E+05
    0.60184E-01    0.11132E+05
    0.61400E-01    0.10979E+05
    0.62641E-01    0.10819E+05
    0.63906E-01    0.10656E+05
    0.65197E-01    0.10496E+05
    0.66514E-01    0.10339E+05
    0.67858E-01    0.10180E+05
    0.69229E-01    0.10013E+05
    0.70627E-01    0.98359E+04
    0.72054E-01    0.96505E+04
    0.73510E-01    0.94607E+04
    0.74994E-01    0.92661E+04
    0.76509E-01    0.90612E+04
    0.78055E-01    0.88408E+04
    0.79632E-01    0.86053E+04
    0.81241E-01    0.83597E+04
    0.82882E-01    0.81082E+04
    0.84556E-01    0.78532E+04
    0.86264E-01    0.75962E+04
    0.88007E-01    0.73393E+04
    0.89785E-01    0.70859E+04
    0.91598E-01    0.68386E+04
    0.93449E-01    0.66002E+04
    0.95337E-01    0.63729E+04
    0.97263E-01    0.61586E+04
    0.99227E-01    0.59591E+04
    0.10123E+00    0.57752E+04
    0.10328E+00    0.56078E+04
    0.10536E+00    0.54569E+04
    0.10749E+00    0.53220E+04
    0.10966E+00    0.52024E+04
    0.11188E+00    0.50966E+04
    0.11414E+00    0.50029E+04
    0.11644E+00    0.49189E+04
    0.11880E+00    0.48421E+04
    0.12120E+00    0.47695E+04
    0.12365E+00    0.46976E+04
    0.12614E+00    0.46234E+04
    0.12869E+00    0.45436E+04
    0.13129E+00    0.44558E+04
    0.13394E+00    0.43582E+04
    0.13665E+00    0.42501E+04
    0.13941E+00    0.41317E+04
    0.14223E+00    0.40041E+04
    0.14510E+00    0.38695E+04
    0.14803E+00    0.37308E+04
    0.15102E+00    0.35916E+04
    0.15407E+00    0.34559E+04
    0.15718E+00    0.33275E+04
    0.16036E+00    0.32097E+04
    0.16360E+00    0.31047E+04
    0.16690E+00    0.30133E+04
    0.17028E+00    0.29350E+04
    0.17371E+00    0.28684E+04
    0.17722E+00    0.28115E+04
    0.18080E+00    0.27616E+04
    0.18446E+00    0.27157E+04
    0.18818E+00    0.26702E+04
    0.19198E+00    0.26217E+04
    0.19586E+00    0.25674E+04
    0.19982E+00    0.25059E+04
    0.20386E+00    0.24375E+04
    0.20797E+00    0.23634E+04
    0.21218E+00    0.22862E+04
    0.21646E+00    0.22087E+04
    0.22083E+00    0.21348E+04
    0.22530E+00    0.20672E+04
    0.22985E+00    0.20072E+04
    0.23449E+00    0.19557E+04
    0.23923E+00    0.19117E+04
    0.24406E+00    0.18728E+04
    0.24899E+00    0.18371E+04
    0.25402E+00    0.18021E+04
    0.25915E+00    0.17654E+04
    0.26439E+00    0.17248E+04
    0.26973E+00    0.16809E+04
    0.27518E+00    0.16350E+04
    0.28074E+00    0.15886E+04
    0.28641E+00    0.15435E+04
    0.29219E+00    0.15018E+04
    0.29810E+00    0.14648E+04
    0.30412E+00    0.14319E+04
    0.31026E+00    0.14018E+04
    0.31653E+00    0.13733E+04
    0.32292E+00    0.13452E+04
    0.32945E+00    0.13161E+04
    0.33610E+00    0.12855E+04
    0.34289E+00    0.12542E+04
    0.34982E+00    0.12237E+04
    0.35689E+00    0.11948E+04
    0.36409E+00    0.11677E+04
    0.37145E+00    0.11425E+04
    0.37895E+00    0.11190E+04
    0.38661E+00    0.10963E+04
    0.39442E+00    0.10737E+04
    0.40239E+00    0.10506E+04
    0.41052E+00    0.10277E+04
    0.41881E+00    0.10055E+04
    0.42727E+00    0.98434E+03
    0.43590E+00    0.96407E+03
    0.44471E+00    0.94459E+03
    0.45369E+00    0.92575E+03
    0.46286E+00    0.90735E+03
    0.47221E+00    0.88922E+03
    0.48174E+00    0.87133E+03
    0.49148E+00    0.85387E+03
    0.50141E+00    0.83701E+03
    0.51153E+00    0.82078E+03
    0.52187E+00    0.80502E+03
    0.53241E+00    0.78956E+03
    0.54317E+00    0.77436E+03
    0.55414E+00    0.75950E+03
    0.56533E+00    0.74504E+03
    0.57675E+00    0.73098E+03
    0.58840E+00    0.71725E+03
    0.60029E+00    0.70380E+03
    0.61242E+00    0.69063E+03
    0.62479E+00    0.67772E+03
    0.63741E+00    0.66511E+03
    0.65029E+00    0.65277E+03
    0.66342E+00    0.64069E+03
    0.67683E+00    0.62886E+03
    0.69050E+00    0.61725E+03
    0.70445E+00    0.60586E+03
    0.71868E+00    0.59468E+03
    0.73320E+00    0.58371E+03
    0.74801E+00    0.57292E+03
    0.76312E+00    0.56233E+03
    0.77854E+00    0.55191E+03
    0.79426E+00    0.54166E+03
    0.81031E+00    0.53158E+03
    0.82668E+00    0.52165E+03
    0.84338E+00    0.51188E+03
    0.86041E+00    0.50226E+03
    0.87780E+00    0.49277E+03
    0.89553E+00    0.48342E+03
    0.91362E+00    0.47420E+03
    0.93208E+00    0.46511E+03
    0.95091E+00    0.45614E+03
    0.97011E+00    0.44729E+03
    0.98971E+00    0.43855E+03
    0.10097E+01    0.42993E+03
    0.10301E+01    0.42142E+03
    0.10509E+01    0.41302E+03
    0.10721E+01    0.40473E+03
    0.10938E+01    0.39654E+03
    0.11159E+01    0.38846E+03
    0.11384E+01    0.38047E+03
    0.11614E+01    0.37259E+03
    0.11849E+01    0.36481E+03
    0.12088E+01    0.35712E+03
    0.12333E+01    0.34953E+03
    0.12582E+01    0.34203E+03
    0.12836E+01    0.33463E+03
    0.13095E+01    0.32731E+03
    0.13360E+01    0.32009E+03
    0.13630E+01    0.31296E+03
    0.13905E+01    0.30592E+03
    0.14186E+01    0.29896E+03
    0.14472E+01    0.29209E+03
    0.14765E+01    0.28530E+03
    0.15063E+01    0.27859E+03
    0.15367E+01    0.27197E+03
    0.15678E+01    0.26542E+03
    0.15994E+01    0.25896E+03
    0.16318E+01    0.25257E+03
    0.16647E+01    0.24626E+03
    0.16984E+01    0.24003E+03
    0.17327E+01    0.23388E+03
    0.17677E+01    0.22780E+03
    0.18034E+01    0.22181E+03
    0.18398E+01    0.21589E+03
    0.18770E+01    0.21006E+03
    0.19149E+01    0.20431E+03
    0.19536E+01    0.19866E+03
    0.19930E+01    0.19311E+03
    0.20333E+01    0.18767E+03
    0.20744E+01    0.18234E+03
    0.21163E+01    0.17712E+03
    0.21590E+01    0.17201E+03
    0.22026E+01    0.16702E+03
    0.22471E+01    0.16215E+03
    0.22925E+01    0.15740E+03
    0.23388E+01    0.15278E+03
    0.23861E+01    0.14827E+03
    0.24343E+01    0.14389E+03
    0.24835E+01    0.13964E+03
